403498174456516|1|184032426403093
4981237361911964|1|3990697367632640
514604323604731|1|344076710657494
501066454835218|1|364296165178915
658700582061397|1|418606572737467
1145323622676043|1|1030566984151708
3252800858300581|1|2991846944395975
747955229525810|1|537599480561387
3062815110697286|1|2853516204960512
677772313550095|1|485392192788109
677772300216763|1|485392192788109
677772310216762|1|485392192788109
677772303550096|1|485392192788109
677772306883429|1|485392192788109
1438873946566901|1|1324255171362113
1438873939900235|1|1324255171362113
400174944788839|1|184032426403093
1345618405953092|1|647458019102471
391777989430103|1|134100915197813
977079039863933|1|768977217340784
403498174456516|1|184032426403093
4981237361911964|1|3990697367632640
514604323604731|1|344076710657494
501066454835218|1|364296165178915
658700582061397|1|418606572737467
1145323622676043|1|1030566984151708
3252800858300581|1|2991846944395975
747955229525810|1|537599480561387
3062815110697286|1|2853516204960512
677772313550095|1|485392192788109
677772300216763|1|485392192788109
677772310216762|1|485392192788109
677772303550096|1|485392192788109
677772306883429|1|485392192788109
1438873946566901|1|1324255171362113
1438873939900235|1|1324255171362113
400174944788839|1|184032426403093
1345618405953092|1|647458019102471
391777989430103|1|134100915197813
977079039863933|1|768977217340784
2833544710276923|1|2555804218050975
539389580875748|1|282190873262288
399358801537120|1|184032426403093
672946534032673|1|485392192788109
672946537366006|1|485392192788109
672946530699340|1|485392192788109
4960518807317153|1|3990697367632640
4960518803983820|1|3990697367632640
4960518800650487|1|3990697367632640
552944702626637|1|315699199684523
397552258384441|1|184032426403093
979490972937948|1|795579844662396
4599133413526372|1|330980110341745
1431737550613874|1|1324255171362113
1343440942837505|1|647458019102471
537050707776302|1|282190873262288
552893619298412|1|315699199684523
741341490187184|1|537599480561387
670985297562130|1|485392192788109
741341486853851|1|537599480561387
670985290895464|1|485392192788109
